MEMORY
  total             6.2 MB
  struct          159.0 KB
  buffer           33.7 KB
  arena             6.0 MB, used 0.5%

SIZES
  narena                6291456
  nbuffer               34528
  nplugin               0
  maxuse_stack          2420
  maxuse_arena          30976
  maxuse_con            4
  maxuse_efc            16
  solver_nisland        1
  ncon                  4
  ne                    0
  nf                    0
  nl                    0
  nefc                  16
  nJ                    176
  nA                    0
  nisland               0
  threadpool            0

TIMER
    0:  duration =  1.2        number = 17
    1:  duration =  1.2        number = 17
    2:  duration =  0          number = 0
    3:  duration =  0.79       number = 17
    4:  duration =  0.073      number = 17
    5:  duration =  0.034      number = 17
    6:  duration =  0.19       number = 17
    7:  duration =  0.051      number = 17
    8:  duration =  0.41       number = 17
    9:  duration =  0.033      number = 17
    10:  duration =  0.21       number = 17
    11:  duration =  0.12       number = 17
    12:  duration =  0.0027     number = 17
    13:  duration =  0.098      number = 17
    14:  duration =  0.11       number = 17

SOLVER STAT
  solver_nisland = 1
  solver_fwdinv =   0         0       
  ISLAND 0
    solver_niter = 1
    solver_nnz = 121
      0:  improvement =  1.5e-08     gradient =  1.2e-15     lineslope =  0       
          nactive = 16   nchange = 0   neval = 2   nupdate = 0

ENERGY =   0         0       

TIME =  1.7     

QPOS
  -0.12    
  -0.11    
  -0.018   
  -0.093   
  -0.43    
  -0.13    
  -0.33    
  -0.093   
  -0.43    
  -0.13    
  -0.33    

QVEL
   0.01    
  -0.0096  
  -0.0015  
   0.057   
  -0.074   
   0.043   
  -0.063   
   0.057   
  -0.074   
   0.043   
  -0.063   

ACT
   0       
   0       
   0       
   0       
   0       
   0       
   0       
   0       
   0       
   0       
   0       
   0       

QACC_WARMSTART
  -0.0029  
   0.0053  
   0.0046  
  -0.03    
   0.05    
  -0.012   
   0.021   
  -0.03    
   0.05    
  -0.012   
   0.021   

CTRL
   0       
   0       
   0       
   0       
   0       
   0       
   0       
   0       
   0       
   0       
   0       
   0       

QFRC_APPLIED
   0       
   0       
   0       
   0       
   0       
   0       
   0       
   0       
   0       
   0       
   0       

XFRC_APPLIED
   0         0         0         0         0         0       
   0         0         0         0         0         0       
   0         0         0         0         0         0       
   0         0         0         0         0         0       
   0         0         0         0         0         0       
   0         0         0         0         0         0       
   0         0         0         0         0         0       
   0         0         0         0         0         0       
   0         0         0         0         0         0       
   0         0         0         0         0         0       
   0         0         0         0         0         0       
   0         0         0         0         0         0       
   0         0         0         0         0         0       
   0         0         0         0         0         0       

QACC
  -0.0029  
   0.0053  
   0.0046  
  -0.03    
   0.05    
  -0.012   
   0.021   
  -0.03    
   0.05    
  -0.012   
   0.021   

ACT_DOT
   0       
   0       
   0       
   0       
   0       
   0       
   0       
   0       
   0       
   0       
   0       
   0       

SENSOR
   3.1     
   1.8     
   3.1     
   1.8     

XPOS
   0         0         0       
  -0.12      0         0.39    
  -0.62     -0.25      0.38    
  -0.73     -0.25      0.12    
  -0.51     -0.25      0.023   
   0.38     -0.25      0.39    
   0.28     -0.25      0.14    
   0.49     -0.25      0.023   
  -0.62      0.25      0.38    
  -0.73      0.25      0.12    
  -0.51      0.25      0.023   
   0.38      0.25      0.39    
   0.28      0.25      0.14    
   0.49      0.25      0.023   

XQUAT
   1         0         0         0       
   1         0        -0.0092    0       
   1         0        -0.056     0       
   0.96      0        -0.27      0       
   0.96      0        -0.27      0       
   1         0        -0.074     0       
   0.97      0        -0.24      0       
   0.97      0        -0.24      0       
   1         0        -0.056     0       
   0.96      0        -0.27      0       
   0.96      0        -0.27      0       
   1         0        -0.074     0       
   0.97      0        -0.24      0       
   0.97      0        -0.24      0       

XMAT
   1         0         0         0         1         0         0         0         1       
   1        -0        -0.018     0         1        -0         0.018     0         1       
   0.99     -0        -0.11      0         1        -0         0.11      0         0.99    
   0.86     -0        -0.52      0         1        -0         0.52      0         0.86    
   0.86     -0        -0.52      0         1        -0         0.52      0         0.86    
   0.99     -0        -0.15      0         1        -0         0.15      0         0.99    
   0.89     -0        -0.46      0         1        -0         0.46      0         0.89    
   0.89     -0        -0.46      0         1        -0         0.46      0         0.89    
   0.99     -0        -0.11      0         1        -0         0.11      0         0.99    
   0.86     -0        -0.52      0         1        -0         0.52      0         0.86    
   0.86     -0        -0.52      0         1        -0         0.52      0         0.86    
   0.99     -0        -0.15      0         1        -0         0.15      0         0.99    
   0.89     -0        -0.46      0         1        -0         0.46      0         0.89    
   0.89     -0        -0.46      0         1        -0         0.46      0         0.89    

XIPOS
   0         0         0       
  -0.12      0         0.41    
  -0.65     -0.25      0.31    
  -0.68     -0.25      0.1     
  -0.51     -0.25      0.023   
   0.36     -0.25      0.33    
   0.33     -0.25      0.11    
   0.49     -0.25      0.023   
  -0.65      0.25      0.31    
  -0.68      0.25      0.1     
  -0.51      0.25      0.023   
   0.36      0.25      0.33    
   0.33      0.25      0.11    
   0.49      0.25      0.023   

XIMAT
   1         0         0         0         1         0         0         0         1       
  -0.045     0         1         0        -1         0         1         0         0.045   
   0        -0.92      0.4       1         0         0         0         0.4       0.92    
   0        -0.4      -0.92      1         0         0         0        -0.92      0.4     
   0.86     -0        -0.52      0         1        -0         0.52      0         0.86    
  -5.6e-17  -0.93      0.37      1         0         0         0         0.37      0.93    
   0        -0.46     -0.89      1         0         0         0        -0.89      0.46    
   0.89     -0        -0.46      0         1        -0         0.46      0         0.89    
   0        -0.92      0.4       1         0         0         0         0.4       0.92    
   0        -0.4      -0.92      1         0         0         0        -0.92      0.4     
   0.86     -0        -0.52      0         1        -0         0.52      0         0.86    
  -5.6e-17  -0.93      0.37      1         0         0         0         0.37      0.93    
   0        -0.46     -0.89      1         0         0         0        -0.89      0.46    
   0.89     -0        -0.46      0         1        -0         0.46      0         0.89    

XANCHOR
   0         0         0.5     
  -0.12      0         0.5     
  -0.12      0         0.39    
  -0.62     -0.25      0.38    
  -0.73     -0.25      0.12    
   0.38     -0.25      0.39    
   0.28     -0.25      0.14    
  -0.62      0.25      0.38    
  -0.73      0.25      0.12    
   0.38      0.25      0.39    
   0.28      0.25      0.14    

XAXIS
   1         0         0       
   0         0         1       
   0         1         0       
   0         1         0       
   0         1         0       
   0         1         0       
   0         1         0       
   0         1         0       
   0         1         0       
   0         1         0       
   0         1         0       

GEOM_XPOS
   0         0         0       
  -0.12      0         0.39    
   0.38      0         0.47    
   0.48      0         0.58    
  -0.65      0         0.45    
  -0.62     -0.25      0.38    
  -0.68     -0.25      0.25    
  -0.73     -0.25      0.12    
  -0.63     -0.25      0.078   
  -0.51     -0.25      0.023   
   0.38     -0.25      0.39    
   0.33     -0.25      0.27    
   0.28     -0.25      0.14    
   0.38     -0.25      0.086   
   0.49     -0.25      0.023   
  -0.62      0.25      0.38    
  -0.68      0.25      0.25    
  -0.73      0.25      0.12    
  -0.63      0.25      0.078   
  -0.51      0.25      0.023   
   0.38      0.25      0.39    
   0.33      0.25      0.27    
   0.28      0.25      0.14    
   0.38      0.25      0.086   
   0.49      0.25      0.023   

GEOM_XMAT
   1         0         0         0         1         0         0         0         1       
   1        -0        -0.018     0         1        -0         0.018     0         1       
   0.66      0         0.75      0         1         0        -0.75      0         0.66    
  -0.11      0         0.99      0         1         0        -0.99      0        -0.11    
   0.63     -0        -0.78      0         1        -0         0.78      0         0.63    
   0.99      0.11     -2.1e-17   0         1.7e-16   1         0.11     -0.99      1.7e-16 
   0.92      0         0.4       0         1         0        -0.4       0         0.92    
   0.86      0.52     -1.1e-16   0         1.2e-16   1         0.52     -0.86      9.7e-17 
   0.42     -0        -0.91      0         1        -0         0.91      0         0.42    
   0.86     -0        -0.52      0         1        -0         0.52      0         0.86    
   0.99      0.15     -2.8e-17   0         1.7e-16   1         0.15     -0.99      1.7e-16 
   0.93      0         0.36      0         1         0        -0.36      0         0.93    
   0.89      0.46     -8.3e-17   0         1.7e-16   1         0.46     -0.89      1.6e-16 
   0.47     -0        -0.88      0         1        -0         0.88      0         0.47    
   0.89     -0        -0.46      0         1        -0         0.46      0         0.89    
   0.99      0.11     -2.1e-17   0         1.7e-16   1         0.11     -0.99      1.7e-16 
   0.92      0         0.4       0         1         0        -0.4       0         0.92    
   0.86      0.52     -1.1e-16   0         1.2e-16   1         0.52     -0.86      9.7e-17 
   0.42     -0        -0.91      0         1        -0         0.91      0         0.42    
   0.86     -0        -0.52      0         1        -0         0.52      0         0.86    
   0.99      0.15     -2.8e-17   0         1.7e-16   1         0.15     -0.99      1.7e-16 
   0.93      0         0.36      0         1         0        -0.36      0         0.93    
   0.89      0.46     -8.3e-17   0         1.7e-16   1         0.46     -0.89      1.6e-16 
   0.47     -0        -0.88      0         1        -0         0.88      0         0.47    
   0.89     -0        -0.46      0         1        -0         0.46      0         0.89    

SITE_XPOS
  -0.47     -0.25      0.63    
  -0.77     -0.25      0.52    
  -0.47     -0.25      0.53    
   0.53     -0.25      0.65    
   0.23     -0.25      0.54    
   0.53     -0.25      0.55    
  -0.47      0.25      0.63    
  -0.77      0.25      0.52    
  -0.47      0.25      0.53    
   0.53      0.25      0.65    
   0.23      0.25      0.54    
   0.53      0.25      0.55    
  -0.74     -0.25      0.48    
  -0.46     -0.25      0.36    
  -0.61     -0.25      0.28    
  -0.74     -0.25      0.29    
  -0.67     -0.25      0.25    
  -0.79     -0.25     -0.015   
  -0.67     -0.25      0.26    
  -0.67     -0.25      0.041   
  -0.63     -0.25      0.13    
  -0.51     -0.25      0.023   
   0.26     -0.25      0.5     
   0.54     -0.25      0.39    
   0.4      -0.25      0.3     
   0.26     -0.25      0.3     
   0.33     -0.25      0.27    
   0.21     -0.25      0.0044  
   0.35     -0.25      0.27    
   0.33     -0.25      0.052   
   0.38     -0.25      0.14    
   0.49     -0.25      0.023   
  -0.74      0.25      0.48    
  -0.46      0.25      0.36    
  -0.61      0.25      0.28    
  -0.74      0.25      0.29    
  -0.67      0.25      0.25    
  -0.79      0.25     -0.015   
  -0.67      0.25      0.26    
  -0.67      0.25      0.041   
  -0.63      0.25      0.13    
  -0.51      0.25      0.023   
   0.26      0.25      0.5     
   0.54      0.25      0.39    
   0.4       0.25      0.3     
   0.26      0.25      0.3     
   0.33      0.25      0.27    
   0.21      0.25      0.0044  
   0.35      0.25      0.27    
   0.33      0.25      0.052   
   0.38      0.25      0.14    
   0.49      0.25      0.023   

SITE_XMAT
   1        -0        -0.018     0         1        -0         0.018     0         1       
   1        -0        -0.018     0         1        -0         0.018     0         1       
   1        -0        -0.018     0         1        -0         0.018     0         1       
   1        -0        -0.018     0         1        -0         0.018     0         1       
   1        -0        -0.018     0         1        -0         0.018     0         1       
   1        -0        -0.018     0         1        -0         0.018     0         1       
   1        -0        -0.018     0         1        -0         0.018     0         1       
   1        -0        -0.018     0         1        -0         0.018     0         1       
   1        -0        -0.018     0         1        -0         0.018     0         1       
   1        -0        -0.018     0         1        -0         0.018     0         1       
   1        -0        -0.018     0         1        -0         0.018     0         1       
   1        -0        -0.018     0         1        -0         0.018     0         1       
   0.99     -0        -0.11      0         1        -0         0.11      0         0.99    
   0.99     -0        -0.11      0         1        -0         0.11      0         0.99    
   0.99     -0        -0.11      0         1        -0         0.11      0         0.99    
   0.99     -0        -0.11      0         1        -0         0.11      0         0.99    
   0.99     -0        -0.11      0         1        -0         0.11      0         0.99    
   0.86     -0        -0.52      0         1        -0         0.52      0         0.86    
   0.86     -0        -0.52      0         1        -0         0.52      0         0.86    
   0.86     -0        -0.52      0         1        -0         0.52      0         0.86    
   0.86     -0        -0.52      0         1        -0         0.52      0         0.86    
   0.42     -0        -0.91      0         1        -0         0.91      0         0.42    
   0.99     -0        -0.15      0         1        -0         0.15      0         0.99    
   0.99     -0        -0.15      0         1        -0         0.15      0         0.99    
   0.99     -0        -0.15      0         1        -0         0.15      0         0.99    
   0.99     -0        -0.15      0         1        -0         0.15      0         0.99    
   0.99     -0        -0.15      0         1        -0         0.15      0         0.99    
   0.89     -0        -0.46      0         1        -0         0.46      0         0.89    
   0.89     -0        -0.46      0         1        -0         0.46      0         0.89    
   0.89     -0        -0.46      0         1        -0         0.46      0         0.89    
   0.89     -0        -0.46      0         1        -0         0.46      0         0.89    
   0.47     -0        -0.88      0         1        -0         0.88      0         0.47    
   0.99     -0        -0.11      0         1        -0         0.11      0         0.99    
   0.99     -0        -0.11      0         1        -0         0.11      0         0.99    
   0.99     -0        -0.11      0         1        -0         0.11      0         0.99    
   0.99     -0        -0.11      0         1        -0         0.11      0         0.99    
   0.99     -0        -0.11      0         1        -0         0.11      0         0.99    
   0.86     -0        -0.52      0         1        -0         0.52      0         0.86    
   0.86     -0        -0.52      0         1        -0         0.52      0         0.86    
   0.86     -0        -0.52      0         1        -0         0.52      0         0.86    
   0.86     -0        -0.52      0         1        -0         0.52      0         0.86    
   0.42     -0        -0.91      0         1        -0         0.91      0         0.42    
   0.99     -0        -0.15      0         1        -0         0.15      0         0.99    
   0.99     -0        -0.15      0         1        -0         0.15      0         0.99    
   0.99     -0        -0.15      0         1        -0         0.15      0         0.99    
   0.99     -0        -0.15      0         1        -0         0.15      0         0.99    
   0.99     -0        -0.15      0         1        -0         0.15      0         0.99    
   0.89     -0        -0.46      0         1        -0         0.46      0         0.89    
   0.89     -0        -0.46      0         1        -0         0.46      0         0.89    
   0.89     -0        -0.46      0         1        -0         0.46      0         0.89    
   0.89     -0        -0.46      0         1        -0         0.46      0         0.89    
   0.47     -0        -0.88      0         1        -0         0.88      0         0.47    

CAM_XPOS
  -0.6      -4         0.4     
  -0.1      -3         0.69    

CAM_XMAT
   0.99      0.015    -0.15     -0.15      0.097    -0.98      0         1         0.098   
   1         0         0         0         2.2e-16  -1         0         1         2.2e-16 

LIGHT_XPOS
   0         0         1.3     
   0         0         1.3     

LIGHT_XDIR
  -0         0        -1       
   0         0        -1       

SUBTREE_COM
  -0.14      0         0.31    
  -0.14      0         0.31    
  -0.66     -0.25      0.21    
  -0.68     -0.25      0.1     
  -0.51     -0.25      0.023   
   0.34     -0.25      0.22    
   0.33     -0.25      0.11    
   0.49     -0.25      0.023   
  -0.66      0.25      0.21    
  -0.68      0.25      0.1     
  -0.51      0.25      0.023   
   0.34      0.25      0.22    
   0.33      0.25      0.11    
   0.49      0.25      0.023   

CDOF
   0         0         0         1         0         0       
   0         0         0         0         0         1       
   0         1         0        -0.076     0         0.02    
   0         1         0        -0.067     0        -0.48    
   0         1         0         0.19      0        -0.59    
   0         1         0        -0.085     0         0.52    
   0         1         0         0.17     -0         0.42    
   0         1         0        -0.067     0        -0.48    
   0         1         0         0.19      0        -0.59    
   0         1         0        -0.085     0         0.52    
   0         1         0         0.17     -0         0.42    

CINERT
   0         0         0         0         0         0         0         0         0         0       
   0.015     0.069     0.072     0        -0.0038    0         0.011     0         0.048     0.5     
   0.0045    0.017     0.02     -0.0079   -0.00011   4.8e-05  -0.032    -0.016     0.00019   0.062   
   0.0068    0.021     0.023    -0.0085   -0.007    -0.0033   -0.034    -0.016    -0.013     0.062   
   1.4e-05   2.2e-05   2e-05    -9.2e-06  -1.1e-05  -7.2e-06  -3.7e-05  -2.5e-05  -2.9e-05   0.0001  
   0.0045    0.016     0.019     0.0077   -0.00083   0.00032   0.031    -0.016     0.0013    0.062   
   0.0065    0.016     0.018     0.0073    0.0059   -0.0031    0.029    -0.016    -0.012     0.062   
   1.4e-05   4.8e-05   4.6e-05   1.6e-05   1.8e-05  -7.2e-06   6.3e-05  -2.5e-05  -2.9e-05   0.0001  
   0.0045    0.017     0.02      0.0079   -0.00011  -4.8e-05  -0.032     0.016     0.00019   0.062   
   0.0068    0.021     0.023     0.0085   -0.007     0.0033   -0.034     0.016    -0.013     0.062   
   1.4e-05   2.2e-05   2e-05     9.2e-06  -1.1e-05   7.2e-06  -3.7e-05   2.5e-05  -2.9e-05   0.0001  
   0.0045    0.016     0.019    -0.0077   -0.00083  -0.00032   0.031     0.016     0.0013    0.062   
   0.0065    0.016     0.018    -0.0073    0.0059    0.0031    0.029     0.016    -0.012     0.062   
   1.4e-05   4.8e-05   4.6e-05  -1.6e-05   1.8e-05   7.2e-06   6.3e-05   2.5e-05  -2.9e-05   0.0001  

TEN_LENGTH
   0.59    
   0.41    
   0.74    
   0.6     
   0.4     
   0.73    
   0.59    
   0.41    
   0.74    
   0.6     
   0.4     
   0.73    

TEN_MOMENT
   0         0        -2.1e-17  -0.075     0.097     0         0         0         0         0         0       
   0         0         0         0.075     0         0         0         0         0         0         0       
   0         0        -2.8e-17  -0.075    -0.075     0         0         0         0         0         0       
   0         0        -7.6e-17   0         0        -0.075     0.095     0         0         0         0       
   0         0        -2.8e-17   0         0         0.075     0         0         0         0         0       
   0         0         5.6e-17   0         0        -0.075    -0.075     0         0         0         0       
   0         0        -2.1e-17   0         0         0         0        -0.075     0.097     0         0       
   0         0         0         0         0         0         0         0.075     0         0         0       
   0         0        -2.8e-17   0         0         0         0        -0.075    -0.075     0         0       
   0         0        -7.6e-17   0         0         0         0         0         0        -0.075     0.095   
   0         0        -2.8e-17   0         0         0         0         0         0         0.075     0       
   0         0         5.6e-17   0         0         0         0         0         0        -0.075    -0.075   

TENDON 0: 5 wrap points
    -1:   -0.47     -0.25      0.63    
    5:   -0.67     -0.25      0.43    
    5:   -0.69     -0.25      0.36    
    -1:   -0.67     -0.25      0.25    
    -1:   -0.63     -0.25      0.13    

TENDON 1: 4 wrap points
    -1:   -0.77     -0.25      0.52    
    5:   -0.59     -0.25      0.44    
    5:   -0.56     -0.25      0.33    
    -1:   -0.61     -0.25      0.28    

TENDON 2: 7 wrap points
    -1:   -0.47     -0.25      0.53    
    5:   -0.65     -0.25      0.44    
    5:   -0.69     -0.25      0.41    
    -1:   -0.74     -0.25      0.29    
    7:   -0.8      -0.25      0.15    
    7:   -0.74     -0.25      0.047   
    -1:   -0.67     -0.25      0.041   

TENDON 3: 5 wrap points
    -1:    0.53     -0.25      0.65    
    10:    0.33     -0.25      0.45    
    10:    0.31     -0.25      0.38    
    -1:    0.33     -0.25      0.27    
    -1:    0.38     -0.25      0.14    

TENDON 4: 4 wrap points
    -1:    0.23     -0.25      0.54    
    10:    0.41     -0.25      0.46    
    10:    0.44     -0.25      0.35    
    -1:    0.4      -0.25      0.3     

TENDON 5: 7 wrap points
    -1:    0.53     -0.25      0.55    
    10:    0.35     -0.25      0.46    
    10:    0.31     -0.25      0.42    
    -1:    0.26     -0.25      0.3     
    12:    0.21     -0.25      0.16    
    12:    0.27     -0.25      0.062   
    -1:    0.33     -0.25      0.052   

TENDON 6: 5 wrap points
    -1:   -0.47      0.25      0.63    
    15:   -0.67      0.25      0.43    
    15:   -0.69      0.25      0.36    
    -1:   -0.67      0.25      0.25    
    -1:   -0.63      0.25      0.13    

TENDON 7: 4 wrap points
    -1:   -0.77      0.25      0.52    
    15:   -0.59      0.25      0.44    
    15:   -0.56      0.25      0.33    
    -1:   -0.61      0.25      0.28    

TENDON 8: 7 wrap points
    -1:   -0.47      0.25      0.53    
    15:   -0.65      0.25      0.44    
    15:   -0.69      0.25      0.41    
    -1:   -0.74      0.25      0.29    
    17:   -0.8       0.25      0.15    
    17:   -0.74      0.25      0.047   
    -1:   -0.67      0.25      0.041   

TENDON 9: 5 wrap points
    -1:    0.53      0.25      0.65    
    20:    0.33      0.25      0.45    
    20:    0.31      0.25      0.38    
    -1:    0.33      0.25      0.27    
    -1:    0.38      0.25      0.14    

TENDON 10: 4 wrap points
    -1:    0.23      0.25      0.54    
    20:    0.41      0.25      0.46    
    20:    0.44      0.25      0.35    
    -1:    0.4       0.25      0.3     

TENDON 11: 7 wrap points
    -1:    0.53      0.25      0.55    
    20:    0.35      0.25      0.46    
    20:    0.31      0.25      0.42    
    -1:    0.26      0.25      0.3     
    22:    0.21      0.25      0.16    
    22:    0.27      0.25      0.062   
    -1:    0.33      0.25      0.052   

ACTUATOR_LENGTH
   0.59    
   0.41    
   0.74    
   0.6     
   0.4     
   0.73    
   0.59    
   0.41    
   0.74    
   0.6     
   0.4     
   0.73    

actuator_moment
-------------
   xxx       |
    x        |
   xxx       |
   x  xx     |
   x  x      |
   x  xx     |
   x    xx   |
        x    |
   x    xx   |
   x      xx |
   x      x  |
   x      xx |
-------------

ACTUATOR_MOMENT
     2: -2.1e-17    3: -0.075      4:  0.097   
     3:  0.075   
     2: -2.8e-17    3: -0.075      4: -0.075   
     2: -7.6e-17    5: -0.075      6:  0.095   
     2: -2.8e-17    5:  0.075   
     2:  5.6e-17    5: -0.075      6: -0.075   
     2: -2.1e-17    7: -0.075      8:  0.097   
     7:  0.075   
     2: -2.8e-17    7: -0.075      8: -0.075   
     2: -7.6e-17    9: -0.075     10:  0.095   
     2: -2.8e-17    9:  0.075   
     2:  5.6e-17    9: -0.075     10: -0.075   

CRB
   0         0         0         0         0         0         0         0         0         0       
   0.06      0.21      0.23      0        -0.0078    0         0         0        -1.7e-17   1       
   0.011     0.038     0.043    -0.016    -0.0071   -0.0032   -0.066    -0.031    -0.013     0.13    
   0.0068    0.021     0.023    -0.0085   -0.007    -0.0033   -0.034    -0.016    -0.013     0.063   
   1.4e-05   2.2e-05   2e-05    -9.2e-06  -1.1e-05  -7.2e-06  -3.7e-05  -2.5e-05  -2.9e-05   0.0001  
   0.011     0.033     0.037     0.015     0.0051   -0.0028    0.06     -0.031    -0.011     0.13    
   0.0065    0.017     0.018     0.0073    0.0059   -0.0031    0.029    -0.016    -0.012     0.063   
   1.4e-05   4.8e-05   4.6e-05   1.6e-05   1.8e-05  -7.2e-06   6.3e-05  -2.5e-05  -2.9e-05   0.0001  
   0.011     0.038     0.043     0.016    -0.0071    0.0032   -0.066     0.031    -0.013     0.13    
   0.0068    0.021     0.023     0.0085   -0.007     0.0033   -0.034     0.016    -0.013     0.063   
   1.4e-05   2.2e-05   2e-05     9.2e-06  -1.1e-05   7.2e-06  -3.7e-05   2.5e-05  -2.9e-05   0.0001  
   0.011     0.033     0.037    -0.015     0.0051    0.0028    0.06      0.031    -0.011     0.13    
   0.0065    0.017     0.018    -0.0073    0.0059    0.0031    0.029     0.016    -0.012     0.063   
   1.4e-05   4.8e-05   4.6e-05  -1.6e-05   1.8e-05   7.2e-06   6.3e-05   2.5e-05  -2.9e-05   0.0001  

QM
   1       
   0         1       
  -0.076     0.02      0.22    
  -0.021     0.0056    0.0094    0.11    
  -0.0014   -0.0032   -0.00098   0.00061   0.1     
  -0.022     0.0049    0.0039                        0.11    
  -0.0016   -0.0031    0.0023                        0.00071   0.1     
  -0.021     0.0056    0.0094                                            0.11    
  -0.0014   -0.0032   -0.00098                                           0.00061   0.1     
  -0.022     0.0049    0.0039                                                                0.11    
  -0.0016   -0.0031    0.0023                                                                0.00071   0.1     

QLD
     0:  0.96    
     0:  0.01       1:  1       
     0: -0.33       1:  0.088      2:  0.21    
     0: -0.2        1:  0.053      2:  0.088      3:  0.11    
     0: -0.014      1: -0.032      2: -0.0098     3:  0.0061     4:  0.1     
     0: -0.2        1:  0.047      2:  0.037      5:  0.11    
     0: -0.016      1: -0.031      2:  0.022      5:  0.0071     6:  0.1     
     0: -0.2        1:  0.053      2:  0.088      7:  0.11    
     0: -0.014      1: -0.032      2: -0.0098     7:  0.0061     8:  0.1     
     0: -0.2        1:  0.047      2:  0.037      9:  0.11    
     0: -0.016      1: -0.031      2:  0.022      9:  0.0071    10:  0.1     

QLDIAGINV
   1       
   1       
   4.7     
   9.4     
   9.9     
   9.4     
   9.9     
   9.4     
   9.9     
   9.4     
   9.9     

B: body-dof matrix
-------------
 xxxxxxxxxxx |
 xxxxxxxxxxx |
 xxxxx       |
 xxxxx       |
 xxxxx       |
 xxx  xx     |
 xxx  xx     |
 xxx  xx     |
 xxx    xx   |
 xxx    xx   |
 xxx    xx   |
 xxx      xx |
 xxx      xx |
 xxx      xx |
-------------

B_rownnz              11 11 5 5 5 5 5 5 5 5 5 5 5 5

B_rowadr              0 11 22 27 32 37 42 47 52 57 62 67 72 77

B_colind              0 1 2 3 4 5 6 7 8 9 10 0 1 2 3 4 5 6 7 8 9 10 0 1 2 3 4 0 1 2 3 4 0 1 2 3 4 0 1 2 5 6 0 1 2 5 6 0 1 2 5 6 0 1 2 7 8 0 1 2 7 8 0 1 2 7 8 0 1 2 9 10 0 1 2 9 10 0 1 2 9 10

C: reduced dof-dof matrix
-------------
 x           |
 xx          |
 xxx         |
 xxxx        |
 xxxxx       |
 xxx  x      |
 xxx  xx     |
 xxx    x    |
 xxx    xx   |
 xxx      x  |
 xxx      xx |
-------------

C_rownnz              1 2 3 4 5 4 5 4 5 4 5

C_rowadr              0 1 3 6 10 15 19 24 28 33 37

C_colind              0 0 1 0 1 2 0 1 2 3 0 1 2 3 4 0 1 2 5 0 1 2 5 6 0 1 2 7 0 1 2 7 8 0 1 2 9 0 1 2 9 10

mapM2C                0 2 1 5 4 3 9 8 7 6 14 13 12 11 10 18 17 16 15 23 22 21 20 19 27 26 25 24 32 31 30 29 28 36 35 34 33 41 40 39 38 37

D: dof-dof matrix
-------------
 Dxxxxxxxxxx |
 xDxxxxxxxxx |
 xxDxxxxxxxx |
 xxxDx       |
 xxxxD       |
 xxx  Dx     |
 xxx  xD     |
 xxx    Dx   |
 xxx    xD   |
 xxx      Dx |
 xxx      xD |
-------------

D_rownnz              11 11 11 5 5 5 5 5 5 5 5

D_rowadr              0 11 22 33 38 43 48 53 58 63 68

D_colind              0 1 2 3 4 5 6 7 8 9 10 0 1 2 3 4 5 6 7 8 9 10 0 1 2 3 4 5 6 7 8 9 10 0 1 2 3 4 0 1 2 3 4 0 1 2 5 6 0 1 2 5 6 0 1 2 7 8 0 1 2 7 8 0 1 2 9 10 0 1 2 9 10

mapM2D                0 2 5 9 14 18 23 27 32 36 41 2 1 4 8 13 17 22 26 31 35 40 5 4 3 7 12 16 21 25 30 34 39 9 8 7 6 11 14 13 12 11 10 18 17 16 15 20 23 22 21 20 19 27 26 25 24 29 32 31 30 29 28 36 35 34 33 38 41 40 39 38 37

mapD2M                0 12 11 24 23 22 36 35 34 33 42 41 40 39 38 46 45 44 43 52 51 50 49 48 56 55 54 53 62 61 60 59 58 66 65 64 63 72 71 70 69 68

QDERIV
     0:  0          1:  0          2:  0          3:  0          4:  0          5:  0          6:  0          7:  0          8:  0          9:  0         10:  0       
     0:  0          1:  0          2:  0          3:  0          4:  0          5:  0          6:  0          7:  0          8:  0          9:  0         10:  0       
     0:  0          1:  0          2: -1.5        3:  0          4:  0          5:  0          6:  0          7:  0          8:  0          9:  0         10:  0       
     0:  0          1:  0          2:  0          3: -1.5        4:  0       
     0:  0          1:  0          2:  0          3:  0          4: -1       
     0:  0          1:  0          2:  0          5: -1.5        6:  0       
     0:  0          1:  0          2:  0          5:  0          6: -1       
     0:  0          1:  0          2:  0          7: -1.5        8:  0       
     0:  0          1:  0          2:  0          7:  0          8: -1       
     0:  0          1:  0          2:  0          9: -1.5       10:  0       
     0:  0          1:  0          2:  0          9:  0         10: -1       

QLU
     0:  0          1:  0          2:  0          3:  0          4:  0          5:  0          6:  0          7:  0          8:  0          9:  0         10:  0       
     0:  0          1:  0          2:  0          3:  0          4:  0          5:  0          6:  0          7:  0          8:  0          9:  0         10:  0       
     0:  0          1:  0          2:  0          3:  0          4:  0          5:  0          6:  0          7:  0          8:  0          9:  0         10:  0       
     0:  0          1:  0          2:  0          3:  0          4:  0       
     0:  0          1:  0          2:  0          3:  0          4:  0       
     0:  0          1:  0          2:  0          5:  0          6:  0       
     0:  0          1:  0          2:  0          5:  0          6:  0       
     0:  0          1:  0          2:  0          7:  0          8:  0       
     0:  0          1:  0          2:  0          7:  0          8:  0       
     0:  0          1:  0          2:  0          9:  0         10:  0       
     0:  0          1:  0          2:  0          9:  0         10:  0       

CONTACT
  0:
     dim           3
     geoms         floor : rbfoot
     exclude       0
     efc_address   0
     solref         0.035     1       
     solimp         0         0.95      0.003     0.5       2       
     dist          -0.0021  
     includemargin  0       
     pos           -0.51     -0.25     -0.0011  
     frame          0         0         1         0         1         0        -1         0         0       
     friction       1         1         0.005     0.0001    0.0001  
     mu             1       
  1:
     dim           3
     geoms         floor : rffoot
     exclude       0
     efc_address   4
     solref         0.035     1       
     solimp         0         0.95      0.003     0.5       2       
     dist          -0.002   
     includemargin  0       
     pos            0.49     -0.25     -0.001   
     frame          0         0         1         0         1         0        -1         0         0       
     friction       1         1         0.005     0.0001    0.0001  
     mu             1       
  2:
     dim           3
     geoms         floor : lbfoot
     exclude       0
     efc_address   8
     solref         0.035     1       
     solimp         0         0.95      0.003     0.5       2       
     dist          -0.0021  
     includemargin  0       
     pos           -0.51      0.25     -0.0011  
     frame          0         0         1         0         1         0        -1         0         0       
     friction       1         1         0.005     0.0001    0.0001  
     mu             1       
  3:
     dim           3
     geoms         floor : lffoot
     exclude       0
     efc_address   12
     solref         0.035     1       
     solimp         0         0.95      0.003     0.5       2       
     dist          -0.002   
     includemargin  0       
     pos            0.49      0.25     -0.001   
     frame          0         0         1         0         1         0        -1         0         0       
     friction       1         1         0.005     0.0001    0.0001  
     mu             1       

EFC_TYPE
  6
  6
  6
  6
  6
  6
  6
  6
  6
  6
  6
  6
  6
  6
  6
  6

EFC_ID
  0
  0
  0
  0
  1
  1
  1
  1
  2
  2
  2
  2
  3
  3
  3
  3

EFC_J
   0         1         0.39     -0.11     -0.22      0         0         0         0         0         0       
   0         1         0.39     -0.11     -0.22      0         0         0         0         0         0       
  -1         1         0.78      0.27     -0.1       0         0         0         0         0         0       
   1         1         0.0028   -0.49     -0.35      0         0         0         0         0         0       
   0         1        -0.61      0         0        -0.11     -0.22      0         0         0         0       
   0         1        -0.61      0         0        -0.11     -0.22      0         0         0         0       
  -1         1        -0.23      0         0         0.28     -0.079     0         0         0         0       
   1         1        -1         0         0        -0.51     -0.35      0         0         0         0       
   0         1         0.39      0         0         0         0        -0.11     -0.22      0         0       
   0         1         0.39      0         0         0         0        -0.11     -0.22      0         0       
  -1         1         0.78      0         0         0         0         0.27     -0.1       0         0       
   1         1         0.0028    0         0         0         0        -0.49     -0.35      0         0       
   0         1        -0.61      0         0         0         0         0         0        -0.11     -0.22    
   0         1        -0.61      0         0         0         0         0         0        -0.11     -0.22    
  -1         1        -0.23      0         0         0         0         0         0         0.28     -0.079   
   1         1        -1         0         0         0         0         0         0        -0.51     -0.35    

EFC_POS
  -0.0021  
  -0.0021  
  -0.0021  
  -0.0021  
  -0.002   
  -0.002   
  -0.002   
  -0.002   
  -0.0021  
  -0.0021  
  -0.0021  
  -0.0021  
  -0.002   
  -0.002   
  -0.002   
  -0.002   

EFC_MARGIN
   0       
   0       
   0       
   0       
   0       
   0       
   0       
   0       
   0       
   0       
   0       
   0       
   0       
   0       
   0       
   0       

EFC_FRICTIONLOSS
   0       
   0       
   0       
   0       
   0       
   0       
   0       
   0       
   0       
   0       
   0       
   0       
   0       
   0       
   0       
   0       

EFC_DIAGAPPROX
   7.7     
   7.7     
   7.7     
   7.7     
   8.2     
   8.2     
   8.2     
   8.2     
   7.7     
   7.7     
   7.7     
   7.7     
   8.2     
   8.2     
   8.2     
   8.2     

EFC_KBIP
   9e+02     60        0.79     -3.6e+02 
   9e+02     60        0.79     -3.6e+02 
   9e+02     60        0.79     -3.6e+02 
   9e+02     60        0.79     -3.6e+02 
   9e+02     60        0.74     -4.2e+02 
   9e+02     60        0.74     -4.2e+02 
   9e+02     60        0.74     -4.2e+02 
   9e+02     60        0.74     -4.2e+02 
   9e+02     60        0.79     -3.6e+02 
   9e+02     60        0.79     -3.6e+02 
   9e+02     60        0.79     -3.6e+02 
   9e+02     60        0.79     -3.6e+02 
   9e+02     60        0.74     -4.2e+02 
   9e+02     60        0.74     -4.2e+02 
   9e+02     60        0.74     -4.2e+02 
   9e+02     60        0.74     -4.2e+02 

EFC_D
   0.5     
   0.5     
   0.5     
   0.5     
   0.34    
   0.34    
   0.34    
   0.34    
   0.5     
   0.5     
   0.5     
   0.5     
   0.34    
   0.34    
   0.34    
   0.34    

EFC_R
   2       
   2       
   2       
   2       
   2.9     
   2.9     
   2.9     
   2.9     
   2       
   2       
   2       
   2       
   2.9     
   2.9     
   2.9     
   2.9     

TEN_VELOCITY
  -0.011   
   0.0043  
   0.0013  
  -0.0091  
   0.0032  
   0.0015  
  -0.011   
   0.0043  
   0.0013  
  -0.0091  
   0.0032  
   0.0015  

ACTUATOR_VELOCITY
  -0.011   
   0.0043  
   0.0013  
  -0.0091  
   0.0032  
   0.0015  
  -0.011   
   0.0043  
   0.0013  
  -0.0091  
   0.0032  
   0.0015  

CVEL
   0         0         0         0         0         0       
   0        -0.0015    0         0.01      0        -0.0097  
   0         0.056     0         0.0065    0        -0.037   
   0        -0.019     0        -0.0074    0         0.0068  
   0        -0.019     0        -0.0074    0         0.0068  
   0         0.041     0         0.0067    0         0.013   
   0        -0.021     0        -0.0041    0        -0.014   
   0        -0.021     0        -0.0041    0        -0.014   
   0         0.056     0         0.0065    0        -0.037   
   0        -0.019     0        -0.0074    0         0.0068  
   0        -0.019     0        -0.0074    0         0.0068  
   0         0.041     0         0.0067    0         0.013   
   0        -0.021     0        -0.0041    0        -0.014   
   0        -0.021     0        -0.0041    0        -0.014   

CDOF_DOT
   0         0         0         0         0         0       
   0         0         0         0         0         0       
   0         0         0         0.0096   -0         0.01    
  -0         0         0         0.01      0         0.01    
   0         0         0         0.0041    0        -0.004   
  -0         0         0         0.0089   -0         0.01    
   0         0         0         0.0046    0        -0.00043 
  -0         0         0         0.01      0         0.01    
   0         0         0         0.0041    0        -0.004   
  -0         0         0         0.0089   -0         0.01    
   0         0         0         0.0046    0        -0.00043 

QFRC_BIAS
   7.7e-05 
   9.8     
   0.2     
   0.055   
  -0.032   
   0.049   
  -0.031   
   0.055   
  -0.032   
   0.049   
  -0.031   

QFRC_SPRING
   0       
   0       
   0.018   
   0       
   0       
   0       
   0       
   0       
   0       
   0       
   0       

QFRC_DAMPER
   0       
   0       
   0.0023  
  -0.086   
   0.074   
  -0.064   
   0.063   
  -0.086   
   0.074   
  -0.064   
   0.063   

QFRC_GRAVCOMP
   0       
   0       
   0       
   0       
   0       
   0       
   0       
   0       
   0       
   0       
   0       

QFRC_FLUID
   0       
   0       
   0       
   0       
   0       
   0       
   0       
   0       
   0       
   0       
   0       

QFRC_PASSIVE
   0       
   0       
   0.021   
  -0.086   
   0.074   
  -0.064   
   0.063   
  -0.086   
   0.074   
  -0.064   
   0.063   

EFC_VEL
  -2.4e-06 
  -2.4e-06 
   0.0017  
  -0.0017  
  -4.6e-06 
  -4.6e-06 
  -0.0025  
   0.0025  
  -2.4e-06 
  -2.4e-06 
   0.0017  
  -0.0017  
  -4.6e-06 
  -4.6e-06 
  -0.0025  
   0.0025  

EFC_AREF
   1.5     
   1.5     
   1.4     
   1.6     
   1.3     
   1.3     
   1.5     
   1.2     
   1.5     
   1.5     
   1.4     
   1.6     
   1.3     
   1.3     
   1.5     
   1.2     

SUBTREE_LINVEL
   0         0         0       
   0         0         0       
   0         0         0       
   0         0         0       
   0         0         0       
   0         0         0       
   0         0         0       
   0         0         0       
   0         0         0       
   0         0         0       
   0         0         0       
   0         0         0       
   0         0         0       
   0         0         0       

SUBTREE_ANGMOM
   0         0         0       
   0         0         0       
   0         0         0       
   0         0         0       
   0         0         0       
   0         0         0       
   0         0         0       
   0         0         0       
   0         0         0       
   0         0         0       
   0         0         0       
   0         0         0       
   0         0         0       
   0         0         0       

ACTUATOR_FORCE
   0       
  -1.1     
  -8       
   0       
  -0.14    
  -3.8     
   0       
  -1.1     
  -8       
   0       
  -0.14    
  -3.8     

QFRC_ACTUATOR
   0       
   0       
   2.7e-17 
   0.52    
   0.6     
   0.28    
   0.29    
   0.52    
   0.6     
   0.28    
   0.29    

QFRC_SMOOTH
  -7.7e-05 
  -9.8     
  -0.18    
   0.38    
   0.71    
   0.16    
   0.38    
   0.38    
   0.71    
   0.16    
   0.38    

QACC_SMOOTH
   0.27    
  -9.8     
  -0.25    
   4.1     
   6.7     
   2       
   3.5     
   4.1     
   6.7     
   2       
   3.5     

EFC_B
  -13      
  -13      
  -11      
  -15      
  -12      
  -12      
  -11      
  -13      
  -13      
  -13      
  -11      
  -15      
  -12      
  -12      
  -11      
  -13      

EFC_FORCE
   0.77    
   0.77    
   0.72    
   0.82    
   0.45    
   0.45    
   0.51    
   0.4     
   0.77    
   0.77    
   0.72    
   0.82    
   0.45    
   0.45    
   0.51    
   0.4     

EFC_STATE
  1
  1
  1
  1
  1
  1
  1
  1
  1
  1
  1
  1
  1
  1
  1
  1

QFRC_CONSTRAINT
  -0.0015  
   9.8     
   0.18    
  -0.38    
  -0.7     
  -0.17    
  -0.38    
  -0.38    
  -0.7     
  -0.17    
  -0.38    

QFRC_INVERSE
   0       
   0       
   0       
   0       
   0       
   0       
   0       
   0       
   0       
   0       
   0       

CACC
   0         0         0         0         0         0       
   0         0         0         0         0         0       
   0         0         0         0         0         0       
   0         0         0         0         0         0       
   0         0         0         0         0         0       
   0         0         0         0         0         0       
   0         0         0         0         0         0       
   0         0         0         0         0         0       
   0         0         0         0         0         0       
   0         0         0         0         0         0       
   0         0         0         0         0         0       
   0         0         0         0         0         0       
   0         0         0         0         0         0       
   0         0         0         0         0         0       

CFRC_INT
   0         0         0         0         0         0       
   0         0         0         0         0         0       
   0         0         0         0         0         0       
   0         0         0         0         0         0       
   0         0         0         0         0         0       
   0         0         0         0         0         0       
   0         0         0         0         0         0       
   0         0         0         0         0         0       
   0         0         0         0         0         0       
   0         0         0         0         0         0       
   0         0         0         0         0         0       
   0         0         0         0         0         0       
   0         0         0         0         0         0       
   0         0         0         0         0         0       

CFRC_EXT
   0         0         0         0         0         0       
   0         0         0         0         0         0       
   0         0         0         0         0         0       
   0         0         0         0         0         0       
   0         0         0         0         0         0       
   0         0         0         0         0         0       
   0         0         0         0         0         0       
   0         0         0         0         0         0       
   0         0         0         0         0         0       
   0         0         0         0         0         0       
   0         0         0         0         0         0       
   0         0         0         0         0         0       
   0         0         0         0         0         0       
   0         0         0         0         0         0       

TENDON_EFCADR         -1 -1 -1 -1 -1 -1 -1 -1 -1 -1 -1 -1

