MEMORY
  total             6.2 MB
  struct          159.0 KB
  buffer           11.4 KB
  arena             6.0 MB, used 0.5%

SIZES
  narena                6291456
  nbuffer               11632
  nplugin               0
  maxuse_stack          800
  maxuse_arena          29440
  maxuse_con            2
  maxuse_efc            8
  solver_nisland        1
  ncon                  1
  ne                    0
  nf                    0
  nl                    0
  nefc                  4
  nJ                    16
  nA                    0
  nisland               0
  threadpool            0

TIMER
    0:  duration =  0.61       number = 18
    1:  duration =  0.56       number = 18
    2:  duration =  0          number = 0
    3:  duration =  0.37       number = 18
    4:  duration =  0.041      number = 18
    5:  duration =  0.019      number = 18
    6:  duration =  0.092      number = 18
    7:  duration =  0.037      number = 18
    8:  duration =  0.18       number = 18
    9:  duration =  0.015      number = 18
    10:  duration =  0.086      number = 18
    11:  duration =  0.073      number = 18
    12:  duration =  0.0023     number = 18
    13:  duration =  0.045      number = 18
    14:  duration =  0.037      number = 18

SOLVER STAT
  solver_nisland = 1
  solver_fwdinv =   0         0       
  ISLAND 0
    solver_niter = 1
    solver_nnz = 16
      0:  improvement =  2.5e-15     gradient =  1.9e-16     lineslope =  0       
          nactive = 4   nchange = 0   neval = 2   nupdate = 0

ENERGY =   0         0       

TIME =  2.7e+02 

QPOS
   0.12    
  -0.015   
   0.18    
   0.18    

QVEL
   9.3e-15 
  -5.6e-16 
   1.2e-14 
   1.2e-14 

ACT
   0.2     
   0.14    
   0.14    

QACC_WARMSTART
  -1.5e-14 
  -1.1e-13 
  -4.6e-14 
   1.5e-14 

CTRL
   0.2     
   0.14    
   0.14    

QFRC_APPLIED
   0       
   0       
   0       
   0       

XFRC_APPLIED
   0         0         0         0         0         0       
   0         0         0         0         0         0       
   0         0         0         0         0         0       
   0         0         0         0         0         0       
   0         0         0         0         0         0       

QACC
  -1.5e-14 
  -1.1e-13 
  -4.6e-14 
   1.5e-14 

ACT_DOT
  -1.3e-14 
  -1.4e-14 
  -1.4e-14 

SENSOR
   2.5     

XPOS
   0         0         0       
   0.12      0         0.49    
  -0.38     -0.25      0.49    
  -0.56     -0.25      0.27    
  -0.5      -0.25      0.038   

XQUAT
   1         0         0         0       
   1         0         0         0       
   1         0         0.09      0       
   0.98      0         0.18      0       
   0.98      0         0.18      0       

XMAT
   1         0         0         0         1         0         0         0         1       
   1         0         0         0         1         0         0         0         1       
   0.98      0         0.18      0         1         0        -0.18      0         0.98    
   0.94      0         0.35      0         1         0        -0.35      0         0.94    
   0.94      0         0.35      0         1         0        -0.35      0         0.94    

XIPOS
   0         0         0       
  -0.38     -0.25      0.69    
  -0.42     -0.25      0.43    
  -0.55     -0.25      0.22    
  -0.5      -0.25      0.038   

XIMAT
   1         0         0         0         1         0         0         0         1       
   1         0         0         0         1         0         0         0         1       
   0        -0.76      0.65      1         0         0         0         0.65      0.76    
   0        -0.97     -0.25      1         0         0         0        -0.25      0.97    
   0.94      0         0.35      0         1         0        -0.35      0         0.94    

XANCHOR
   0         0         0.5     
   0.12      0         0.5     
  -0.38     -0.25      0.49    
  -0.56     -0.25      0.27    

XAXIS
   1         0         0       
   0         0         1       
   0         1         0       
   0         1         0       

GEOM_XPOS
   0         0         0       
  -0.38     -0.25      0.69    
  -0.38     -0.25      0.49    
  -0.47     -0.25      0.38    
  -0.56     -0.25      0.27    
  -0.53     -0.25      0.17    
  -0.5      -0.25      0.038   

GEOM_XMAT
   1         0         0         0         1         0         0         0         1       
   1         0         0         0         1         0         0         0         1       
   0.98     -0.18      0         0         0         1        -0.18     -0.98      0       
   0.77      0         0.64      0         1         0        -0.64      0         0.77    
   0.94     -0.35      0         0         0         1        -0.35     -0.94      0       
   0.97     -0        -0.24      0         1        -0         0.24      0         0.97    
   0.94      0         0.35      0         1         0        -0.35      0         0.94    

SITE_XPOS
  -0.23     -0.25      0.74    
  -0.53     -0.25      0.64    
  -0.23     -0.25      0.64    
  -0.46     -0.25      0.62    
  -0.23     -0.25      0.43    
  -0.4      -0.25      0.39    
  -0.52     -0.25      0.44    
  -0.47     -0.25      0.38    
  -0.71     -0.25      0.24    
  -0.41     -0.25      0.31    
  -0.59     -0.25      0.18    
  -0.49     -0.25      0.2     
  -0.5      -0.25      0.038   

SITE_XMAT
   1         0         0         0         1         0         0         0         1       
   1         0         0         0         1         0         0         0         1       
   1         0         0         0         1         0         0         0         1       
   0.98      0         0.18      0         1         0        -0.18      0         0.98    
   0.98      0         0.18      0         1         0        -0.18      0         0.98    
   0.98      0         0.18      0         1         0        -0.18      0         0.98    
   0.98      0         0.18      0         1         0        -0.18      0         0.98    
   0.98      0         0.18      0         1         0        -0.18      0         0.98    
   0.94      0         0.35      0         1         0        -0.35      0         0.94    
   0.94      0         0.35      0         1         0        -0.35      0         0.94    
   0.94      0         0.35      0         1         0        -0.35      0         0.94    
   0.94      0         0.35      0         1         0        -0.35      0         0.94    
   0.97     -0        -0.24      0         1        -0         0.24      0         0.97    

CAM_XPOS
  -0.6      -4         0.4     
   0.1      -3         0.79    

CAM_XMAT
   0.99      0.015    -0.15     -0.15      0.097    -0.98      0         1         0.098   
   1         0         0         0         0        -1         0         1         0       

LIGHT_XPOS
   0         0         1.3     

LIGHT_XDIR
   0         0        -1       

SUBTREE_COM
  -0.43     -0.25      0.51    
  -0.43     -0.25      0.51    
  -0.49     -0.25      0.33    
  -0.55     -0.25      0.22    
  -0.5      -0.25      0.038   

CDOF
   0         0         0         1         0         0       
   0         0         0         0         0         1       
   0         1         0         0.02     -0         0.053   
   0         1         0         0.23      0        -0.13    

CINERT
   0         0         0         0         0         0         0         0         0         0       
   0.0046    0.0061    0.0024    0        -0.0012    0         0.0066    0         0.022     0.12    
   0.00077   0.001     0.00034   0        -0.00025   0         0.00048   0        -0.0046    0.062   
   0.0055    0.0064    0.00092   0        -0.0019    0        -0.0071    0        -0.018     0.062   
   2.2e-05   2.2e-05   5.1e-07   0        -3.1e-06   0        -6.7e-06   0        -4.7e-05   0.0001  

TEN_LENGTH
   0.63    
   0.43    
   0.67    

TEN_MOMENT
   0         0        -0.075     0.078   
   0         0         0.075     0       
   0         0        -0.075    -0.075   

TENDON 0: 5 wrap points
    -1:   -0.23     -0.25      0.74    
    2:   -0.43     -0.25      0.54    
    2:   -0.45     -0.25      0.49    
    -1:   -0.47     -0.25      0.38    
    -1:   -0.49     -0.25      0.2     

TENDON 1: 4 wrap points
    -1:   -0.53     -0.25      0.64    
    2:   -0.35     -0.25      0.55    
    2:   -0.34     -0.25      0.42    
    -1:   -0.4      -0.25      0.39    

TENDON 2: 7 wrap points
    -1:   -0.23     -0.25      0.64    
    2:   -0.41     -0.25      0.55    
    2:   -0.44     -0.25      0.54    
    -1:   -0.52     -0.25      0.44    
    4:   -0.62     -0.25      0.32    
    4:   -0.62     -0.25      0.23    
    -1:   -0.59     -0.25      0.18    

ACTUATOR_LENGTH
   0.63    
   0.43    
   0.67    

actuator_moment
------
   xx |
   x  |
   xx |
------

ACTUATOR_MOMENT
     2: -0.075      3:  0.078   
     2:  0.075   
     2: -0.075      3: -0.075   

CRB
   0         0         0         0         0         0         0         0         0         0       
   0.011     0.014     0.0037    0        -0.0034    0        -4.3e-18   0        -2.1e-17   0.25    
   0.0063    0.0074    0.0013    0        -0.0022    0        -0.0066    0        -0.022     0.13    
   0.0056    0.0064    0.00093   0        -0.0019    0        -0.0071    0        -0.018     0.063   
   2.2e-05   2.2e-05   5.1e-07   0        -3.1e-06   0        -6.7e-06   0        -4.7e-05   0.0001  

QM
   0.25    
   0         0.25    
  -0.02      0.013     0.11    
  -0.0034   -0.00092   0.0012    0.1     

QLD
     0:  0.25    
     0:  0.0097     1:  0.25    
     0: -0.18       1:  0.12       2:  0.11    
     0: -0.033      1: -0.0092     2:  0.012      3:  0.1     

QLDIAGINV
   4.1     
   4       
   9.3     
   9.9     

B: body-dof matrix
------
 xxxx |
 xxxx |
 xxxx |
 xxxx |
 xxxx |
------

B_rownnz              4 4 4 4 4

B_rowadr              0 4 8 12 16

B_colind              0 1 2 3 0 1 2 3 0 1 2 3 0 1 2 3 0 1 2 3

C: reduced dof-dof matrix
------
 x    |
 xx   |
 xxx  |
 xxxx |
------

C_rownnz              1 2 3 4

C_rowadr              0 1 3 6

C_colind              0 0 1 0 1 2 0 1 2 3

mapM2C                0 2 1 5 4 3 9 8 7 6

D: dof-dof matrix
------
 Dxxx |
 xDxx |
 xxDx |
 xxxD |
------

D_rownnz              4 4 4 4

D_rowadr              0 4 8 12

D_colind              0 1 2 3 0 1 2 3 0 1 2 3 0 1 2 3

mapM2D                0 2 5 9 2 1 4 8 5 4 3 7 9 8 7 6

mapD2M                0 5 4 10 9 8 15 14 13 12

QDERIV
     0:  0          1:  0          2:  0          3:  0       
     0:  0          1:  0          2:  0          3:  0       
     0:  0          1:  0          2: -3.1        3: -0.18    
     0:  0          1:  0          2: -0.18       3: -2.1     

QLU
     0:  0          1:  0          2:  0          3:  0       
     0:  0          1:  0          2:  0          3:  0       
     0:  0          1:  0          2:  0          3:  0       
     0:  0          1:  0          2:  0          3:  0       

CONTACT
  0:
     dim           3
     geoms         floor : rbfoot
     exclude       0
     efc_address   0
     solref         0.035     1       
     solimp         0         0.95      0.003     0.5       2       
     dist          -0.0022  
     includemargin  0       
     pos           -0.5      -0.25     -0.0011  
     frame          0         0         1         0         1         0        -1         0         0       
     friction       1         1         0.005     0.0001    0.0001  
     mu             1       

EFC_TYPE
  6
  6
  6
  6

EFC_ID
  0
  0
  0
  0

EFC_J
   0         1         0.12     -0.061   
   0         1         0.12     -0.061   
  -1         1         0.61      0.21    
   1         1        -0.37     -0.34    

EFC_POS
  -0.0022  
  -0.0022  
  -0.0022  
  -0.0022  

EFC_MARGIN
   0       
   0       
   0       
   0       

EFC_FRICTIONLOSS
   0       
   0       
   0       
   0       

EFC_DIAGAPPROX
   13      
   13      
   13      
   13      

EFC_KBIP
   9e+02     60        0.83     -3.2e+02 
   9e+02     60        0.83     -3.2e+02 
   9e+02     60        0.83     -3.2e+02 
   9e+02     60        0.83     -3.2e+02 

EFC_D
   0.37    
   0.37    
   0.37    
   0.37    

EFC_R
   2.7     
   2.7     
   2.7     
   2.7     

TEN_VELOCITY
  -2.8e-17 
   9.4e-16 
  -1.8e-15 

ACTUATOR_VELOCITY
  -2.8e-17 
   9.4e-16 
  -1.8e-15 

CVEL
   0         0         0         0         0         0       
   0         0         0         9.3e-15   0        -4.5e-16 
   0         1.2e-14   0         9.5e-15   0         2.1e-16 
   0         2.4e-14   0         1.2e-14   0        -1.3e-15 
   0         2.4e-14   0         1.2e-14   0        -1.3e-15 

CDOF_DOT
   0         0         0         0         0         0       
   0         0         0         0         0         0       
   0         0         0         4.5e-16   0         9.3e-15 
   0         0         0        -1.8e-15   0         6.7e-15 

QFRC_BIAS
   1.7e-30 
   2.5     
   0.13    
  -0.0091  

QFRC_SPRING
   0       
   0       
  -0.18    
  -0.18    

QFRC_DAMPER
   0       
   0       
  -1.9e-14 
  -1.2e-14 

QFRC_GRAVCOMP
   0       
   0       
   0       
   0       

QFRC_FLUID
   0       
   0       
   0       
   0       

QFRC_PASSIVE
   0       
   0       
  -0.18    
  -0.18    

EFC_VEL
   3.3e-16 
   3.3e-16 
   3.2e-16 
   3.5e-16 

EFC_AREF
   1.7     
   1.7     
   1.7     
   1.7     

SUBTREE_LINVEL
   0         0         0       
   0         0         0       
   0         0         0       
   0         0         0       
   0         0         0       

SUBTREE_ANGMOM
   0         0         0       
   0         0         0       
   0         0         0       
   0         0         0       
   0         0         0       

ACTUATOR_FORCE
  -21      
  -48      
  -26      

QFRC_ACTUATOR
   0       
   0       
   0.016   
   0.32    

QFRC_SMOOTH
  -1.7e-30 
  -2.5     
  -0.29    
   0.15    

QACC_SMOOTH
  -0.11    
  -9.7     
  -1.6     
   1.4     

EFC_B
  -12      
  -12      
  -12      
  -11      

EFC_FORCE
   0.61    
   0.61    
   0.61    
   0.61    

EFC_STATE
  1
  1
  1
  1

QFRC_CONSTRAINT
  -3e-15   
   2.5     
   0.29    
  -0.15    

QFRC_INVERSE
   0       
   0       
   0       
   0       

CACC
   0         0         0         0         0         0       
   0         0         0         0         0         0       
   0         0         0         0         0         0       
   0         0         0         0         0         0       
   0         0         0         0         0         0       

CFRC_INT
   0         0         0         0         0         0       
   0         0         0         0         0         0       
   0         0         0         0         0         0       
   0         0         0         0         0         0       
   0         0         0         0         0         0       

CFRC_EXT
   0         0         0         0         0         0       
   0         0         0         0         0         0       
   0         0         0         0         0         0       
   0         0         0         0         0         0       
   0         0         0         0         0         0       

TENDON_EFCADR         -1 -1 -1

